95763
2
1112
-422
1792
1243
968
35
1703
289508
214
1246
-429
1558
366
34
-710
385440
262
1
6231
1
0
59049
1227
15
0
72600
1590
36
156
-198
832
836
44
768000
62
1050
2
1033
78045
-215
1
3
-528
198
64528
1
120
226809
-862
-121
-826
580086
385425
3
0
-350
0
490028
114
692
265525
remainder by zero
0
-260
0
114
1
977
0
976
0
-121
322
1
236
-145
1250
3
20
21780
1
27244
472986
165
852
2
30100
402900
0
-48
484
1
565956
15
8
123
892
169672
2
505530
40
1
626466
577
319
1312
1476
-419
308
0
3
843
0
0
-206
0
824
156
260414
374
209
1279
19090
-303
14640
144
250
503
-663
141
1238
1215
1299
1
592860
0
185
315
173
9
72324
617
126945
466
1
462
0
1059
0
578
295
67
735
300
0
0
-746
1
43824
1521
0
175
29
31
0
256688
-676
222
0
1554
600
0
60
95
-68
433653
329
95
244
5530
105490
554
-652
-351
697
2
23
0
306
0
1
1
19
121
2
-275
124
281992
132
486
829
1
948
917
567820
898
523
970
446
142635
620
312
100
1624
468844
-127
322
135199
1084
339
1755
69161
0
15
45
42
80320
609
79
90132
312
2
802
0
265428
568094
0
301
12
70840
256
16
-272
87
21
510
218022
1789
531840
1
0
-62
0
-1
364832
184
788
577829
539
29
426
748
126
-157
228760
1302
-294
0
296
0
6
20075
1
552
288
250
0
316
0
3
1
1298
-772
530
18
-400
1475
-118
5
35
525594
0
0
211
425
0
915
104
-124
0
19462
1458
201758
1414
0
378
43
540
-224
407
-54
226
1
-145
250
5
11
1742
3
-597
126
5
10
211
1402
1
0
0
-167
-38
1
1612
0
-165
1
190
42
923
1
191625
1539
833
723
726
172176
195272
1761
-632
320187
26
523844
418600
666713
1347
367
141
193
1
226
231
68
161
13
0
1
637
1415
1266
1562
445
764100
1143
386732
188
0
427
385140
1
167466
84
1
1053
607152
192
108420
178273
718
137
-784
90
335556
97
536466
1
-815
1
1097
88
784
141510
870
10
900
1831
20
322
555
0
0
304
262752
1
360
-54
433497
-287
1
0
507
156
193
0
688
6
-826
0
0
1649
3
1803
1254
424
2
706380
1255
21
1
56
632
993
444745
174
296
343400
551
587
0
-81
1486
1137
398
1219
3
899
0
203360
97344
56
1012
382
488032
72163
74
874
275
1888
762
1665
197120
599
444
3
460800
-444
573
1
1436
4
37
383364
1457
1983
978
558
1
-501
1
14946
575
1404
4
151
-88
152
614
757
0
39
-683
81084
210
-147
20
148715
187
4
497475
109089
1289
78617
674
396
0
183
91
796
-533
0
0
474609
614
-319
1371
170
1527
-135
-95
139
497
18704
0
67890
401128
0
263439
3
1141
387175
671
0
2
30
397
0
-136
246
-49
776
1761
463
806880
0
432
185
1060
318
99
193314
480
4
1367
84
555
1652
130720
83
0
-47
283
-357
930468
6
252200
1299
387898
11
978
1
-864
52
139055
430
0
665175
0
94927
1
23148
1
1474
336
4
-215
127544
601140
456
0
3
494760
65
1
96
4
980
102090
60
81
619
108500
137
0
1
281
1875
818
344250
1688
1392
4
476
98226
200
0
165
-354
79768
7210
702
5845
12
262542
715
-446
15480
244
-938
0
436224
-3
0
1
428995
596
54
65
155
272640
51
2
1
235
-177
0
4
-225
20
-679
379772
102414
32674
48129
0
347
181582
1
1157
38905
426
3
130
140425
921
0
-202
31958
57
16
-161
4
45066
803
15
571
-433
149298
261000
0
1011
0
17
1
178716
623616
542126
982
29008
16
173264
331
0
115
1
217
970
9440
637
159315
422
1
0
351
1412
170250
0
236
68
844550
0
2
125
232
329592
9639
1727
206
3
2
-299
202
65659
-727
336300
1010
-142
430
636
342
1639
0
403965
1598
1043
211680
169510
91
220255
83897
555891
77
48760
149
-40
423
64638
1077
437
280
0
61
181780
209
11
4
48
201
1514
408025
813
363
97
3
-610
158
12
1
482
682
4
1730
-396
1289
335
1
34
354
5
324536
163
0
440
986
22976
658
-614
1468
403
39396
1086
57
432418
-383
368
-388
289614
110213
0
1266
1
-201
0
52
352
45
2
781260
203
-368
2
34
-719
1
-139
-357
407
183
150
354
389084
1
1
0
909
480
570024
184
174
920
513
20
320
0
1
0
465
1219
12
1599
570
-15
52542
373
287217
0
1
459
66008
0
742
259
0
371
504
1039
0
713
789
1
0
315
0
49660
626737
329
-114
1440
832546
-112
256
1839
17451
19
1
1303
205
-721
-314
51
692152
1671
28968
-285
2
731460
360
55216
169
115010
20950
-287
0
-797
1281
58
1
-427
157
335
5
-347
844
1319
1352
2
0
697
5
925
1213
50381
1592
421
8736
0
121
369
158
3
1255
1
90
205
211
428
77
84
1237
-172
76235
1367
1600
1468
478197
152
166127
7
0
51
-169
0
1
0
-1006
1
336654
0
231
17
176813
872
92
-235
0
1
1040
492
903
274
0
0
35
56056
373
57
86
193414
352
517
0
1139
269
168820
-588
91848
124135
489
788
1691
-546
397
291
1553
-609
193
670502
330924
1032252
699
2
1
2
6
24
120
720
5040
40320
362880
3628800
39916800
1
1
55306341
494
1
481890304
286191179
145531576
492
373
212521
5153632
71
1
86350888
408321
1073741824
487204
456976
820025856
19683000
570
1
868624
707281
1
842
1
699
10000
395446904
171396
429981696
238328000
40960000
795
1
16384
631628712
2406104
1404928
59049
1
401947272
138991832
364
1
966
2560000
119095488
0
1
division by zero
remainder by zero
1
