411 2 233
951 3 354
778 0 334
260 1 682
28 2 64
816 0 427
593 0 375
995 4 80
896 0 807
461 2 628
214 4 939
728 0 518
443 1 872
851 0 707
156 0 210
629 1 595
312 1 1022
584 2 660
262 4 911
991 3 579
31 2 201
99 3 67
9 3 670
729 2 81
671 0 556
33 4 18
30 3 816
110 2 660
789 0 801
257 1 221
289 1 133
146 1 344
24 0 808
4 0 832
916 4 218
1000 2 768
808 4 373
75 2 14
398 3 169
116 0 917
473 2 165
605 1 820
511 3 344
646 3 188
204 1 732
198 4 562
436 2 148
473 3 267
120 4 443
869 2 261
71 1 933
150 1 271
30 1 856
603 2 962
571 2 675
606 3 182
87 3 264
624 1 974
692 3 977
946 2 518
114 4 387
692 4 851
559 2 475
41 4 0
187 3 411
300 1 560
202 3 559
114 4 773
903 3 668
988 1 11
142 3 745
38 0 938
630 3 868
602 1 723
97 0 225
920 3 561
236 4 441
259 1 404
454 0 796
1024 1 1021
582 4 281
396 2 55
223 3 201
196 2 139
513 2 922
165 4 767
975 1 123
678 3 244
140 2 215
425 2 948
556 3 605
408 1 456
399 0 85
670 3 424
948 2 597
840 4 75
468 4 115
123 4 290
650 0 242
254 2 668
501 3 247
822 2 615
40 4 802
704 3 571
794 2 789
577 4 599
666 4 347
660 0 652
586 0 890
307 1 726
961 4 653
237 3 239
430 3 129
133 0 710
183 3 202
923 3 997
363 1 569
563 3 992
626 0 198
156 4 563
418 2 623
374 4 907
1011 4 802
948 0 331
46 2 415
67 1 370
366 2 40
776 1 632
1021 1 771
208 0 295
281 1 944
972 4 277
503 0 735
553 0 662
877 0 422
953 3 676
723 2 820
4 3 795
185 4 1004
206 0 109
173 4 696
83 4 74
588 2 123
927 1 310
217 2 585
466 4 471
215 3 152
948 1 486
485 3 588
858 0 201
717 3 889
889 1 311
295 4 928
703 4 636
619 0 116
313 1 13
127 3 849
464 3 635
108 1 854
194 3 124
528 2 83
587 0 934
280 3 442
558 1 383
108 1 79
95 3 3
662 3 720
488 2 526
94 1 770
680 1 458
234 3 677
548 0 1006
572 0 28
270 3 681
968 4 227
519 1 424
288 1 356
561 2 773
785 4 456
905 4 405
988 1 744
395 2 14
274 2 385
927 1 373
185 1 837
468 1 819
564 0 133
1004 3 469
54 4 31
311 3 912
306 4 866
8 3 843
887 3 677
660 3 438
407 4 388
908 1 787
868 3 328
215 1 490
793 4 669
349 2 808
682 4 550
486 4 837
829 4 950
509 3 403
373 0 575
519 0 398
979 2 580
761 0 137
975 1 452
182 0 788
243 0 203
771 2 185
310 2 2
312 4 500
100 4 281
708 0 916
796 2 589
668 1 795
322 4 539
353 2 383
502 0 582
949 1 610
899 0 856
97 2 713
153 3 564
473 1 458
867 1 822
252 3 6
80 2 1004
581 0 28
320 1 241
406 2 222
312 4 342
928 3 433
806 1 4
410 3 784
438 2 606
958 2 593
509 3 931
301 4 878
968 3 78
110 2 644
256 4 782
1004 4 76
568 1 840
937 1 850
943 3 43
689 1 179
537 2 406
844 0 945
640 2 831
448 3 320
34 3 893
543 1 605
699 3 717
41 1 42
877 2 416
184 4 196
788 3 1
679 2 851
702 1 163
745 3 25
426 4 514
557 0 191
674 4 274
731 1 888
817 2 280
626 0 676
477 1 771
438 3 851
780 1 484
911 3 925
983 4 977
275 2 73
446 3 406
250 0 302
893 4 605
910 4 660
273 3 345
737 1 421
285 3 939
883 3 221
469 3 410
812 0 486
184 1 956
421 0 109
18 4 434
35 1 435
937 0 538
816 1 934
717 3 142
140 4 105
698 2 753
772 3 946
194 3 532
211 4 470
694 1 269
300 3 664
250 0 665
320 4 108
59 1 183
230 3 806
37 2 526
679 0 779
359 2 562
715 0 699
685 3 837
378 4 812
444 4 401
540 4 846
520 1 744
181 0 226
778 1 832
1022 1 796
798 3 473
326 1 471
250 4 763
913 1 908
694 3 63
987 0 755
447 3 119
253 1 850
1008 4 882
901 3 166
463 4 151
211 4 911
925 0 477
960 3 801
26 3 46
271 3 997
838 1 1005
301 1 339
1023 3 540
756 0 856
22 3 1005
364 1 529
489 3 417
839 4 649
42 4 528
923 4 980
1010 3 561
511 2 375
811 0 728
833 4 1024
723 4 878
462 0 264
204 2 844
308 2 634
947 0 814
180 1 812
579 2 553
296 4 135
692 2 757
575 2 728
653 2 1021
364 0 983
324 0 43
818 4 677
193 4 791
584 3 510
226 4 260
383 1 152
68 4 589
553 4 392
13 4 168
218 3 860
690 3 347
717 1 80
445 0 970
387 0 879
929 0 633
445 4 510
900 2 849
145 0 998
436 2 887
819 1 631
187 3 525
438 1 11
524 2 735
840 3 421
678 2 247
84 4 919
203 3 182
527 0 526
834 2 728
192 4 884
834 2 130
337 2 529
164 0 554
523 4 386
52 1 836
722 4 158
351 2 956
34 0 63
723 2 742
826 3 525
68 1 883
328 3 287
324 0 773
88 4 770
784 4 923
534 2 265
368 0 502
10 4 865
536 0 364
807 0 1024
974 1 954
352 1 30
555 4 816
268 3 394
344 3 949
776 4 472
476 2 552
1023 3 582
411 1 51
297 1 351
687 2 631
688 1 975
910 3 463
217 3 369
77 0 430
437 1 281
78 0 115
325 3 782
140 0 548
6 4 177
88 1 914
593 3 1015
509 3 803
871 0 778
368 3 121
939 0 864
697 0 557
36 0 388
896 3 375
915 2 772
347 0 908
709 4 688
1016 3 514
940 4 68
461 0 171
384 0 609
485 2 917
937 4 763
939 4 643
340 2 1010
190 0 361
587 4 1016
8 3 18
436 1 517
491 0 995
154 0 983
398 4 748
604 0 615
714 3 236
182 0 717
267 3 597
410 2 496
117 2 832
632 1 576
533 0 479
479 1 97
808 2 604
793 2 91
216 1 142
749 0 125
955 1 680
965 0 923
353 0 409
653 0 1012
440 2 448
469 0 130
1023 4 579
635 3 173
900 2 512
55 1 499
355 0 218
322 3 263
926 0 510
396 4 7
829 3 22
463 2 828
734 0 723
972 0 1011
987 1 9
399 0 159
956 3 579
21 1 522
777 3 444
94 2 159
163 0 412
687 0 717
812 4 808
904 4 251
749 1 837
285 1 133
718 1 104
814 1 57
263 3 814
269 4 46
101 1 784
116 2 699
828 4 309
722 1 869
384 4 91
245 2 607
187 4 440
904 3 224
603 2 825
207 2 527
992 0 297
1021 2 77
230 0 444
681 1 285
727 3 957
587 4 202
643 4 276
796 4 1018
304 1 837
212 3 446
385 3 887
843 2 563
614 4 707
555 1 874
488 0 883
671 1 501
644 0 883
88 1 223
263 1 358
280 4 141
661 1 164
112 2 167
541 3 953
465 2 146
812 2 494
0 3 613
297 2 887
924 3 258
605 0 536
911 2 425
764 1 93
361 3 1017
494 3 240
30 4 435
601 1 204
463 3 490
260 1 396
463 1 217
835 1 884
409 0 367
1016 0 745
928 1 465
820 2 984
331 3 568
432 4 934
541 1 356
312 0 748
370 1 52
295 1 196
202 2 957
667 1 187
216 4 212
551 0 816
733 4 649
555 4 741
677 0 975
380 2 344
661 4 578
481 3 543
616 1 663
283 4 538
546 1 903
924 2 1007
877 3 130
260 2 970
841 0 458
538 2 721
39 4 28
22 0 956
855 3 827
101 1 965
256 1 204
1015 2 137
386 0 44
98 3 1018
735 2 905
16 3 473
191 2 497
495 3 489
36 2 643
1012 3 592
865 0 609
336 4 738
4 4 977
266 1 481
428 2 298
645 2 932
593 1 137
122 3 245
936 3 280
930 2 532
665 4 200
279 4 139
906 4 162
946 3 218
860 0 120
166 2 615
60 4 515
81 4 124
634 1 15
175 2 620
788 4 217
725 3 762
806 3 630
804 1 523
927 0 948
241 0 577
405 2 850
985 0 703
564 0 828
345 4 11
61 0 415
963 2 102
983 4 783
76 3 487
1003 1 838
424 1 778
676 2 118
721 2 10
702 4 883
167 2 35
558 4 39
294 2 893
715 4 886
106 1 552
215 2 72
850 4 606
55 1 993
6 3 917
1024 2 426
409 1 412
866 3 1003
588 3 492
721 2 595
241 0 355
54 4 200
417 1 352
155 4 633
960 2 284
51 4 111
852 3 391
678 3 648
810 1 575
239 1 416
25 3 148
657 3 157
391 1 616
977 4 319
226 1 905
722 2 526
169 2 606
34 2 961
263 2 183
290 3 332
857 1 510
557 2 326
337 3 248
454 0 703
155 2 251
426 4 531
960 3 271
681 1 551
685 2 205
278 0 643
79 3 421
22 1 224
841 2 38
604 1 547
466 4 45
75 1 236
797 3 165
518 2 87
372 0 431
771 4 36
571 4 791
534 1 967
334 2 447
290 2 900
345 3 790
825 0 186
32 3 675
981 3 57
880 3 655
318 2 562
928 2 672
719 2 754
85 0 897
592 2 49
763 4 747
833 2 208
331 4 682
337 3 486
115 4 248
798 3 506
481 1 264
2 0 968
236 2 40
13 0 624
817 2 195
422 1 0
247 3 238
413 3 558
827 1 476
699 0 713
750 2 227
169 3 804
164 0 72
402 4 334
950 2 889
226 3 701
747 3 342
125 4 833
562 4 330
744 2 443
119 2 81
940 0 787
206 4 546
846 3 218
350 3 130
670 1 969
715 1 513
517 2 127
179 1 906
708 2 475
297 0 713
713 1 855
862 1 432
79 0 557
342 4 862
689 0 950
263 3 348
705 2 573
824 0 774
675 0 368
245 2 864
230 2 737
842 1 751
245 2 899
319 2 263
721 2 771
77 4 960
265 2 184
534 1 385
137 1 177
423 4 908
486 2 133
962 0 115
437 4 804
688 4 408
48 3 442
306 4 245
244 2 745
609 1 400
59 1 48
1001 3 236
352 1 304
693 4 246
803 0 711
475 2 859
593 0 220
53 0 310
813 4 716
1011 3 330
280 1 890
340 4 182
292 4 140
555 3 494
482 4 753
228 0 454
563 4 13
927 0 803
268 1 664
693 0 596
504 1 169
636 3 474
260 4 113
113 0 241
725 3 138
452 2 718
857 1 694
715 3 801
440 4 566
855 0 131
64 2 359
658 4 669
138 1 752
488 0 980
403 4 682
804 2 49
880 0 206
881 1 824
461 2 938
264 1 647
368 4 951
580 1 968
474 2 611
307 2 359
32 3 40
536 0 730
749 3 433
739 1 940
412 3 448
240 4 188
333 0 19
45 4 559
531 3 239
898 2 870
595 4 392
296 1 664
636 3 272
979 4 35
299 1 1018
971 3 916
383 1 522
395 1 752
446 1 39
740 1 557
742 4 592
534 1 180
461 2 844
612 3 445
965 3 809
266 3 566
719 0 190
480 4 917
756 2 754
766 4 291
405 4 231
492 0 428
522 1 9
608 4 147
821 1 501
527 3 532
821 3 455
621 3 631
232 0 233
528 0 691
270 4 129
669 0 930
340 0 230
360 1 375
417 2 126
877 1 504
329 2 873
232 3 298
904 3 685
767 1 308
148 2 446
917 3 962
101 0 641
619 1 360
442 3 942
371 4 814
672 1 168
542 0 497
251 3 363
171 0 542
889 1 100
986 3 621
481 3 655
315 4 774
751 3 760
260 2 191
691 2 907
618 1 289
614 1 728
795 0 645
902 2 923
468 1 580
256 4 646
934 0 905
831 2 21
19 4 148
1002 3 615
554 0 749
205 4 798
48 1 769
460 1 774
462 4 137
718 2 964
880 0 791
102 2 284
477 1 762
831 3 310
1002 2 730
360 4 966
119 2 464
899 1 730
155 2 742
838 2 25
726 1 1013
872 3 1012
78 1 875
555 0 726
583 4 75
993 3 768
135 1 562
939 4 391
335 4 439
883 3 161
376 1 723
464 0 380
1010 0 309
751 0 601
499 3 243
93 3 499
59 0 638
35 1 30
55 0 870
883 0 330
607 2 83
690 0 902
537 1 116
84 2 104
465 3 555
1011 4 890
950 4 581
650 1 492
149 3 44
820 0 435
506 3 298
430 1 340
205 4 640
865 4 654
506 1 78
367 4 145
413 1 329
788 0 449
388 1 560
395 2 193
374 0 993
973 0 627
999 0 469
597 2 801
891 4 739
169 2 983
683 3 94
576 3 643
771 4 720
848 1 1017
333 3 896
998 3 572
406 3 964
12 1 1018
288 3 276
531 2 634
250 3 777
598 1 367
17 4 751
871 2 203
872 4 972
644 1 552
319 1 554
37 3 365
1021 3 576
806 0 234
179 0 313
341 0 562
274 4 469
88 3 466
240 3 267
205 4 170
154 2 364
708 1 335
57 4 611
86 4 633
346 2 559
1017 4 665
45 0 472
653 3 1008
684 0 455
812 1 543
460 2 367
343 1 931
129 2 712
185 2 671
489 4 907
654 0 134
873 0 818
325 1 871
397 4 930
291 4 753
530 0 1023
16 1 625
603 4 205
1019 2 658
436 2 759
1014 2 1018
733 1 34
319 3 125
1 6 0
2 6 0
3 6 0
4 6 0
5 6 0
6 6 0
7 6 0
8 6 0
9 6 0
10 6 0
11 6 0
301 5 0
500 5 0
381 5 3
494 5 1
487 5 0
784 5 3
659 5 3
526 5 3
492 5 1
373 5 1
461 5 2
22 5 5
71 5 1
327 5 0
442 5 3
639 5 2
32 5 6
698 5 2
676 5 2
936 5 3
270 5 3
570 5 1
74 5 0
932 5 2
29 5 4
406 5 0
842 5 1
107 5 0
699 5 1
10 5 4
734 5 3
414 5 2
144 5 4
620 5 3
80 5 4
795 5 1
865 5 0
2 5 14
858 5 3
134 5 3
112 5 3
243 5 2
684 5 0
738 5 3
518 5 3
364 5 1
255 5 0
966 5 1
40 5 4
492 5 3
0 5 1024
1 5 1024
123 3 0
1 4 0
0 5 0
